*******NumProcs=4************
*** HACK FOR NOW ***
Initial NMOL 343
BOX_PER_SIDE = 4
BOXL = 24.851010
CUTOFF = 6.212752
64 boxes with 4 threads
TEMPERATURE                  = 298.000000
DENSITY                      = 0.998000
NUMBER OF MOLECULES          = 512
NUMBER OF PROCESSORS         = 4
TIME STEP                    = 0.149999999999999994
ORDER USED TO SOLVE F=MA     = 6
NO. OF TIME STEPS            = 100
FREQUENCY OF DATA SAVING     = -1
FREQUENCY TO WRITE RST FILE  = 3000
&&&&&&&&&&&&&&&NUMBER OF PROCESSORS=4
&&&&&&&&&&&&&&&NUMBER OF PROCESSORS=4
&&&&&&&&&&&&&&&NUMBER OF PROCESSORS=4
&&&&&&&&&&&&&&&NUMBER OF PROCESSORS=4

NS = 8.000000
BOXL = 24.851010
CUTOFF = 6.212752
BOX_LENGTH = 6.212752
BOX_PER_SIDE = 6.212749
XS = 3.106376
ZERO = 1.553188
WCOS = 0.585882
WSIN = 0.756950
***** NEW RUN STARTING FROM REGULAR LATTICE *****
CREATETIME = 0
         1        1.50940      0.00567     10.63575     -2.12451 
           10.026        299.86726        -19.17020
         2        1.53253      0.02268     10.61506     -2.14571 
           10.025        302.16503        -19.33582
         3        1.57495      0.05127     10.55761     -2.15831 
           10.026        305.74025        -19.57197
         4        1.63131      0.09179     10.46456     -2.16238 
           10.025        310.32676        -19.87637
         5        1.70110      0.14472     10.33741     -2.15793 
           10.025        315.85191        -20.24614
         6        1.78173      0.21046     10.17706     -2.14396 
           10.025        322.20515        -20.67750
         7        1.87089      0.28923      9.98580     -2.12062 
           10.025        329.27337        -21.16610
         8        1.96618      0.38095      9.76703     -2.08886 
           10.025        336.94098        -21.70714
         9        2.06548      0.48515      9.52396     -2.04931 
           10.025        345.09664        -22.29518
        10        2.16694      0.60097      9.26055     -2.00321 
           10.025        353.63688        -22.92427
        11        2.26907      0.72713      8.98061     -1.95161 
           10.025        362.46893        -23.58794
        12        2.37074      0.86203      8.68771     -1.89536 
           10.025        371.51203        -24.27921
        13        2.47110      1.00385      8.38598     -1.83587 
           10.025        380.69760        -24.99082
        14        2.56958      1.15063      8.07858     -1.77384 
           10.025        389.96845        -25.71512
        15        2.66579      1.30042      7.76858     -1.70992 
           10.025        399.27748        -26.44429
        16        2.75947      1.45134      7.45918     -1.64527 
           10.025        408.58610        -27.17044
        17        2.85045      1.60168      7.15356     -1.58108 
           10.025        417.86272        -27.88576
        18        2.93859      1.74990      6.85330     -1.51737 
           10.024        427.08143        -28.58253
        19        3.02381      1.89469      6.56145     -1.45591 
           10.024        436.22085        -29.25335
        20        3.10602      2.03500      6.28014     -1.39746 
           10.024        445.26291        -29.89127
        21        3.18508      2.17007      6.01056     -1.34246 
           10.023        454.19181        -30.48976
        22        3.26080      2.29944      5.75498     -1.29258 
           10.023        462.99275        -31.04293
        23        3.33284      2.42299      5.51473     -1.24854 
           10.022        471.65064        -31.54555
        24        3.40070      2.54097      5.29016     -1.21040 
           10.021        480.14877        -31.99309
        25        3.46368      2.65401      5.08110     -1.17808 
           10.021        488.46753        -32.38170
        26        3.52088      2.76310      4.88731     -1.15121 
           10.020        496.58341        -32.70832
        27        3.57119      2.86954      4.70900     -1.13013 
           10.020        504.46834        -32.97073
        28        3.61339      2.97491      4.54486     -1.11413 
           10.019        512.08945        -33.16742
        29        3.64615      3.08092      4.39483     -1.10334 
           10.019        519.40939        -33.29772
        30        3.66817      3.18937      4.25768     -1.09709 
           10.018        526.38717        -33.36169
        31        3.67826      3.30198      4.13240     -1.09481 
           10.018        532.97942        -33.36011
        32        3.67543      3.42030      4.01823     -1.09635 
           10.018        539.14211        -33.29444
        33        3.65901      3.54560      3.91438     -1.10167 
           10.017        544.83244        -33.16673
        34        3.62868      3.67880      3.82021     -1.11056 
           10.017        550.01083        -32.97961
        35        3.58454      3.82041      3.73454     -1.12250 
           10.017        554.64277        -32.73617
        36        3.52711      3.97048      3.65642     -1.13716 
           10.017        558.70046        -32.43992
        37        3.45733      4.12866      3.58486     -1.15408 
           10.017        562.16415        -32.09466
        38        3.37652      4.29416      3.51857     -1.17265 
           10.017        565.02306        -31.70448
        39        3.28634      4.46582      3.45697     -1.19257 
           10.017        567.27599        -31.27365
        40        3.18873      4.64217      3.39918     -1.21359 
           10.016        568.93146        -30.80661
        41        3.08585      4.82145      3.34421     -1.23503 
           10.016        570.00765        -30.30785
        42        2.98002      5.00172      3.29136     -1.25667 
           10.016        570.53202        -29.78190
        43        2.87369      5.18086      3.23988     -1.27807 
           10.016        570.54072        -29.23328
        44        2.76934      5.35664      3.18927     -1.29892 
           10.016        570.07786        -28.66645
        45        2.66948      5.52676      3.13900     -1.31900 
           10.016        569.19473        -28.08579
        46        2.57658      5.68892      3.08863     -1.33791 
           10.016        567.94877        -27.49556
        47        2.49302      5.84083      3.03769     -1.35536 
           10.016        566.40262        -26.89988
        48        2.42102      5.98031      2.98572     -1.37097 
           10.016        564.62291        -26.30269
        49        2.36263      6.10533      2.93237     -1.38433 
           10.016        562.67910        -25.70775
        50        2.31962      6.21407      2.87761     -1.39536 
           10.016        560.64214        -25.11864
        51        2.29345      6.30496      2.82192     -1.40446 
           10.016        558.58312        -24.53875
        52        2.28522      6.37677      2.76541     -1.41163 
           10.016        556.57184        -23.97127
        53        2.29563      6.42862      2.70782     -1.41634 
           10.016        554.67550        -23.41917
        54        2.32497      6.46002      2.64904     -1.41832 
           10.016        552.95730        -22.88522
        55        2.37305      6.47090      2.58910     -1.41748 
           10.016        551.47528        -22.37193
        56        2.43929      6.46162      2.52865     -1.41402 
           10.016        550.28117        -21.88165
        57        2.52265      6.43291      2.46841     -1.40852 
           10.015        549.41949        -21.41654
        58        2.62173      6.38588      2.40853     -1.40073 
           10.015        548.92693        -20.97850
        59        2.73483      6.32195      2.34916     -1.39063 
           10.015        548.83190        -20.56924
        60        2.85997      6.24280      2.29147     -1.37903 
           10.015        549.15438        -20.19026
        61        2.99502      6.15027      2.23581     -1.36592 
           10.015        549.90611        -19.84283
        62        3.13778      6.04626      2.18250     -1.35141 
           10.015        551.09104        -19.52796
        63        3.28609      5.93268      2.13187     -1.33556 
           10.015        552.70604        -19.24643
        64        3.43793      5.81126      2.08505     -1.31924 
           10.015        554.74192        -18.99876
        65        3.59154      5.68355      2.04264     -1.30279 
           10.015        557.18464        -18.78518
        66        3.74546      5.55078      2.00471     -1.28606 
           10.015        560.01668        -18.60563
        67        3.89866      5.41380      1.97183     -1.26938 
           10.015        563.21842        -18.45974
        68        4.05051      5.27306      1.94588     -1.25454 
           10.015        566.76963        -18.34687
        69        4.20084      5.12858      1.92700     -1.24153 
           10.015        570.65076        -18.26601
        70        4.34990      4.98001      1.91574     -1.23076 
           10.015        574.84403        -18.21588
        71        4.49826      4.82669      1.91270     -1.22277 
           10.015        579.33431        -18.19485
        72        4.64675      4.66771      1.91833     -1.21788 
           10.015        584.10960        -18.20100
        73        4.79636      4.50206      1.93323     -1.21670 
           10.015        589.16121        -18.23212
        74        4.94806      4.32875      1.95755     -1.21934 
           10.015        594.48355        -18.28574
        75        5.10267      4.14697      1.99160     -1.22614 
           10.015        600.07352        -18.35917
        76        5.26080      3.95617      2.03554     -1.23735 
           10.015        605.92973        -18.44954
        77        5.42265      3.75623      2.08935     -1.25299 
           10.015        612.05142        -18.55381
        78        5.58799      3.54749      2.15321     -1.27338 
           10.015        618.43727        -18.66889
        79        5.75609      3.33084      2.22657     -1.29809 
           10.015        625.08418        -18.79161
        80        5.92568      3.10773      2.30970     -1.32758 
           10.016        631.98607        -18.91884
        81        6.09503      2.88015      2.40288     -1.36239 
           10.016        639.13290        -19.04751
        82        6.26195      2.65058      2.50531     -1.40207 
           10.016        646.50982        -19.17465
        83        6.42388      2.42190      2.61640     -1.44628 
           10.016        654.09659        -19.29745
        84        6.57806      2.19732      2.73477     -1.49407 
           10.016        661.86736        -19.41329
        85        6.72157      1.98020      2.86030     -1.54586 
           10.016        669.79070        -19.51977
        86        6.85152      1.77395      2.99106     -1.60021 
           10.016        677.82999        -19.61473
        87        6.96522      1.58190      3.12710     -1.65770 
           10.017        685.94409        -19.69631
        88        7.06025      1.40710      3.26741     -1.71812 
           10.017        694.08833        -19.76292
        89        7.13467      1.25224      3.40985     -1.77997 
           10.017        702.21566        -19.81326
        90        7.18707      1.11951      3.55355     -1.84325 
           10.017        710.27806        -19.84633
        91        7.21671      1.01050      3.69645     -1.90660 
           10.017        718.22797        -19.86138
        92        7.22353      0.92614      3.83715     -1.96967 
           10.017        726.01978        -19.85795
        93        7.20823      0.86668      3.97536     -2.03294 
           10.017        733.61133        -19.83588
        94        7.17218      0.83169      4.10797     -2.09442 
           10.017        740.96518        -19.79518
        95        7.11742      0.82007      4.23469     -2.15460 
           10.018        748.04970        -19.73615
        96        7.04655      0.83016      4.35405     -2.21310 
           10.018        754.83995        -19.65926
        97        6.96258      0.85982      4.46503     -2.26968 
           10.018        761.31823        -19.56520
        98        6.86887      0.90656      4.56598     -2.32355 
           10.018        767.47433        -19.45480
        99        6.76892      0.96764      4.65616     -2.37479 
           10.018        773.30549        -19.32905
       100        6.66626      1.04022      4.73417     -2.42267 
           10.018        778.81607        -19.18907

Exited Happily with XTT 10.018
Elapsed time: 17.20 seconds
COMPUTESTART (after initialization) = 1208291358
COMPUTEEND = 1208291375
COMPUTETIME (after initialization) = 17
Measured Time (2nd timestep onward) = 17
Intramolecular time only (2nd timestep onward) = 0
Intermolecular time only (2nd timestep onward) = 17
Other time (2nd timestep onward) = 0
