
TEMPERATURE              =   298.00 K
DENSITY                    =  0.99800 G/C.C.
NUMBER OF MOLECULES        =      216
NUMBER OF PROCESSORS       =       16
TIME STEP                  = 1.50e-16 SEC
ORDER USED TO SOLVE F=MA   =        6 
NO. OF TIME STEPS          =      100 
FREQUENCY OF DATA SAVING   =       -1 
FREQUENCY TO WRITE RST FILE=     3000 
SPHERICAL CUTOFF RADIUS    =   9.3191 ANGSTROM
***** NEW RUN STARTING FROM REGULAR LATTICE *****
	    1                   1.5133305054                   0.0043384718                  -0.5534316333                   8.2532731944
            9.218                 300.6483270762                   -3.1513064836
	    2                   1.5415226791                   0.0175060097                  -0.5115865124                   8.1687490463
            9.216                 303.4487496645                   -3.3811654997
	    3                   1.5883155339                   0.0399389356                  -0.4890712447                   8.0777317639
            9.217                 307.4809506904                   -3.6837017290
	    4                   1.6490552838                   0.0722451977                  -0.4845598502                   7.9799862998
            9.217                 312.5137921142                   -4.0565693172
Using 16 procs on 100 steps of 216 mols
aborted 3
aborted 3
aborted 3
	    5                   1.7226671953                   0.1151632457                  -0.4989268210                   7.8778510547
            9.217                 318.4583435848                   -4.4965452459
aborted 3
aborted 3
aborted 3
aborted 3
aborted 3
aborted 3
aborted 3
	    6                   1.8063776995                   0.1694242834                  -0.5316753982                   7.7726143094
            9.217                 325.1931257034                   -4.9998021973
	    7                   1.8975775451                   0.2356420761                  -0.5812409823                   7.6647676045
            9.217                 332.5920228359                   -5.5620804555
	    8                   1.9936013467                   0.3141876771                  -0.6456673249                   7.5546230245
            9.217                 340.5257867589                   -6.1785701326
	    9                   2.0920193726                   0.4050827899                  -0.7233067109                   7.4429496451
            9.217                 348.8689788259                   -6.8438011630
	   10                   2.1907390618                   0.5079173987                  -0.8135121082                   7.3316005160
            9.217                 357.5047636376                   -7.5515156494
	   11                   2.2881255044                   0.6218065369                  -0.9138677274                   7.2206806572
            9.217                 366.3292639326                   -8.2950326911
	   12                   2.3830521869                   0.7453925562                  -1.0221757321                   7.1104758544
            9.217                 375.2545781438                   -9.0672284839
	   13                   2.4749050793                   0.8768964010                  -1.1364708710                   7.0014143045
            9.217                 384.2104677029                   -9.8605775552
aborted 3
aborted 3
	   14                   2.5635293911                   1.0142148235                  -1.2555947470                   6.8945953021
            9.217                 393.1445656548                  -10.6671708040
aborted 3
	   15                   2.6491329848                   1.1550548876                  -1.3782851754                   6.7908422255
            9.217                 402.0212225879                  -11.4788744601
aborted 3
aborted 3
aborted 3
	   16                   2.7321540294                   1.2970916711                  -1.5030614716                   6.6905605712
            9.217                 410.8191420413                  -12.2874955245
	   17                   2.8131206249                   1.4381320817                  -1.6288202049                   6.5943123732
            9.217                 419.5282100083                  -13.0848875213
	   18                   2.8925082146                   1.5762666399                  -1.7537992124                   6.5017692515
            9.217                 428.1458075246                  -13.8631527017
aborted 3
	   19                   2.9706200911                   1.7099929131                  -1.8771315871                   6.4132633902
            9.217                 436.6730382563                  -14.6146955504
	   20                   3.0475006249                   1.8382983828                  -1.9973915574                   6.3283374524
            9.217                 445.1112258842                  -15.3323986745
	   21                   3.1228900077                   1.9606965370                  -2.1132985610                   6.2464568292
            9.217                 453.4589840892                  -16.0097190839
	   22                   3.1962220250                   2.0772163990                  -2.2237663554                   6.1670728052
            9.217                 461.7100655225                  -16.6407674151
	   23                   3.2666580940                   2.1883515268                  -2.3292297484                   6.0909648351
            9.217                 469.8520659207                  -17.2202848409
	   24                   3.3331493642                   2.2949789265                  -2.4293104368                   6.0179268474
            9.217                 477.8659662439                  -17.7437701926
	   25                   3.3945122103                   2.3982605322                  -2.5233962700                   5.9473681739
            9.217                 485.7263846256                  -18.2075349336
	   26                   3.4495134073                   2.4995401419                  -2.6118091869                   5.8795001787
            9.217                 493.4024209958                  -18.6086674631
	   27                   3.4969451963                   2.6002465755                  -2.6951327806                   5.8146856889
            9.217                 500.8588663541                  -18.9450292303
	   28                   3.5356891838                   2.7018107285                  -2.7730646013                   5.7523092106
            9.217                 508.0576062881                  -19.2152983587
	   29                   3.5647642916                   2.8056004276                  -2.8465355831                   5.6929155257
            9.217                 514.9590625977                  -19.4188787695
aborted 3
aborted 3
	   30                   3.5833541339                   2.9128729920                  -2.9156073899                   5.6361248239
            9.217                 521.5235278868                  -19.5559166844
	   31                   3.5908262859                   3.0247427611                  -2.9810993264                   5.5822749932
            9.217                 527.7123653356                  -19.6272196379
	   32                   3.5867375994                   3.1421588003                  -3.0430357845                   5.5308840279
            9.217                 533.4890165153                  -19.6342481265
	   33                   3.5708416398                   3.2658878336                  -3.1020136276                   5.4820286559
            9.217                 538.8198707352                  -19.5790323921
	   34                   3.5430931055                   3.3964977932                  -3.1585035174                   5.4356572416
            9.217                 543.6750068005                  -19.4641207895
	   35                   3.5036558318                   3.5343391451                  -3.2126823558                   5.3914319635
            9.217                 548.0288530417                  -19.2925313552
aborted 3
	   36                   3.4529184363                   3.6795232466                  -3.2652006267                   5.3495034622
            9.217                 551.8608236795                  -19.0676674081
aborted 3
aborted 3
	   37                   3.3915089580                   3.8318988659                  -3.3161916423                   5.3095283267
            9.217                 555.1559305980                  -18.7932760035
aborted 3
aborted 3
	   38                   3.3203093704                   3.9910296663                  -3.3657714740                   5.2711769366
            9.217                 557.9053743961                  -18.4733832488
	   39                   3.2404702466                   4.1561764680                  -3.4141399874                   5.2342376586
            9.217                 560.1071192146                  -18.1122270373
	   40                   3.1534146553                   4.3262884338                  -3.4617960808                   5.1988375128
            9.217                 561.7664006891                  -17.7141845274
	   41                   3.0608297472                   4.5000065120                  -3.5089320938                   5.1648402243
            9.217                 562.8961187967                  -17.2837264865
aborted 3
aborted 3
	   42                   2.9646487150                   4.6756815592                  -3.5556808520                   5.1320950120
            9.217                 563.5170892552                  -16.8253650243
aborted 3
aborted 3
	   43                   2.8670129831                   4.8514079068                  -3.6023114192                   5.1006348960
            9.217                 563.6580851479                  -16.3435988169
	   44                   2.7702232082                   5.0250716279                  -3.6488801512                   5.0703299152
            9.217                 563.3556516374                  -15.8428761363
	   45                   2.6766764780                   5.1944113412                  -3.6948378392                   5.0404944943
            9.217                 562.6536681260                  -15.3275756194
aborted 3
aborted 3
	   46                   2.5888002593                   5.3570883766                  -3.7403451147                   5.0112009991
            9.217                 561.6026822577                  -14.8019473698
	   47                   2.5089748492                   5.5107624825                  -3.7849656648                   4.9819729427
            9.217                 560.2590011467                  -14.2701048686
aborted 3
	   48                   2.4394585777                   5.6531688652                  -3.8286285602                   4.9527457088
            9.217                 558.6835866248                  -13.7359899511
	   49                   2.3823149630                   5.7821926991                  -3.8709871903                   4.9232241635
            9.217                 556.9407904212                  -13.2033641620
	   50                   2.3393473045                   5.8959375862                  -3.9126484898                   4.8941083243
            9.217                 555.0969812359                  -12.6757669185
	   51                   2.3120435837                   5.9927850404                  -3.9531202746                   4.8650362766
            9.217                 553.2191187011                  -12.1565415288
	   52                   2.3015317620                   6.0714428144                  -3.9922218694                   4.8359920187
            9.217                 551.3733210991                  -11.6488197596
aborted 3
aborted 3
	   53                   2.3085486603                   6.1309803276                  -4.0289592116                   4.8061748607
            9.217                 549.6234785724                  -11.1555419207
	   54                   2.3334241220                   6.1708502426                  -4.0633109301                   4.7757812403
            9.217                 548.0299621588                  -10.6794264250
aborted 3
aborted 3
	   55                   2.3760785188                   6.1908954800                  -4.0950023921                   4.7447732181
            9.217                 546.6484646482                  -10.2229768294
	   56                   2.4360351716                   6.1913414675                  -4.1240086226                   4.7133768005
            9.217                 545.5290096978                   -9.7884748288
aborted 3
	   57                   2.5124498130                   6.1727737619                  -4.1495246345                   4.6810458598
            9.217                 544.7151679400                   -9.3780004703
	   58                   2.6041500395                   6.1361015099                  -4.1714320070                   4.6479253933
            9.217                 544.2434893177                   -8.9934113033
	   59                   2.7096894198                   6.0825075035                  -4.1901800807                   4.6147281319
            9.217                 544.1431753416                   -8.6363249115
	   60                   2.8274162520                   6.0133861261                  -4.2055564399                   4.5814989744
            9.217                 544.4360117868                   -8.3081319824
	   61                   2.9555510213                   5.9302712323                  -4.2173598052                   4.5482826654
            9.217                 545.1365602749                   -8.0099892000
aborted 3
aborted 3
	   62                   3.0922666639                   5.8347565595                  -4.2248104524                   4.5145322753
            9.217                 546.2525885053                   -7.7428247776
	   63                   3.2357809262                   5.7284123262                  -4.2279589748                   4.4805107872
            9.217                 547.7857507619                   -7.5073077939
aborted 3
aborted 3
aborted 3
aborted 3
aborted 3
aborted 3
aborted 3
	   64                   3.3844393305                   5.6127023896                  -4.2270385685                   4.4466421409
            9.217                 549.7324621614                   -7.3038338095
	   65                   3.5367950464                   5.4889072440                  -4.2213087579                   4.4123514820
            9.217                 552.0849363213                   -7.1325374255
aborted 3
aborted 3
aborted 3
	   66                   3.6916779540                   5.3580587113                  -4.2119972703                   4.3790057375
            9.217                 554.8323365820                   -6.9932366245
aborted 3
aborted 3
aborted 3
aborted 3
aborted 3
	   67                   3.8482421493                   5.2208921712                  -4.1984539062                   4.3460645509
            9.217                 557.9619649962                   -6.8854690485
	   68                   4.0059902100                   5.0778218223                  -4.1804061697                   4.3133390929
            9.217                 561.4604173009                   -6.8084773813
	   69                   4.1647716105                   4.9289431425                  -4.1578883448                   4.2809181894
            9.217                 565.3146328950                   -6.7612009454
aborted 3
	   70                   4.3247540666                   4.7740648683                  -4.1311497236                   4.2490757977
            9.217                 569.5127734903                   -6.7422746541
	   71                   4.4863594859                   4.6127703067                  -4.1004038550                   4.2180188110
            9.217                 574.0448482936                   -6.7500391445
	   72                   4.6501813752                   4.4445048421                  -4.0662988476                   4.1883577253
            9.217                 578.9030591952                   -6.7825471484
	   73                   4.8168695605                   4.2686833758                  -4.0280117120                   4.1592039116
            9.217                 584.0818038548                   -6.8376158552
	   74                   4.9870164978                   4.0848090323                  -3.9868865726                   4.1318062033
            9.217                 589.5773733194                   -6.9128093661
	   75                   5.1610382218                   3.8925925340                  -3.9421670706                   4.1052813870
            9.217                 595.3873584761                   -7.0055156806
aborted 3
aborted 3
	   76                   5.3390636967                   3.6920609560                  -3.8942252331                   4.0798460345
            9.217                 601.5098141244                   -7.1129614744
	   77                   5.5208471135                   3.4836452137                  -3.8446890262                   4.0569417489
            9.217                 607.9422619048                   -7.2322300310
	   78                   5.7057168151                   3.2682375654                  -3.7930859119                   4.0358766310
            9.217                 614.6806398367                   -7.3603481743
	   79                   5.8925510096                   3.0472135861                  -3.7406959339                   4.0176768182
            9.217                 621.7182705633                   -7.4942980339
	   80                   6.0797932591                   2.8224164466                  -3.6874667867                   4.0020025205
            9.217                 629.0449454415                   -7.6310888816
aborted 3
aborted 3
	   81                   6.2655077618                   2.5961054204                  -3.6329998881                   3.9881322248
            9.217                 636.6462120658                   -7.7678072759
	   82                   6.4474621461                   2.3708737231                  -3.5780633758                   3.9764725303
            9.217                 644.5029145165                   -7.9016363047
aborted 3
aborted 3
	   83                   6.6232350125                   2.1495437851                  -3.5228181976                   3.9667850809
            9.217                 652.5910242510                   -8.0299047263
	   84                   6.7903240572                   1.9350495336                  -3.4681950573                   3.9595665448
            9.217                 660.8817387959                   -8.1501062097
	   85                   6.9462810500                   1.7303154946                  -3.4145782759                   3.9547276852
            9.217                 669.3418889504                   -8.2599378473
	   86                   7.0888115595                   1.5381419952                  -3.3625098209                   3.9523017036
            9.217                 677.9345479529                   -8.3573205610
	   87                   7.2158843098                   1.3611037438                  -3.3120583908                   3.9518161651
            9.217                 686.6198483543                   -8.4404253141
	   88                   7.3258050475                   1.2014669046                  -3.2646408185                   3.9541152429
            9.217                 695.3559099576                   -8.5076627762
aborted 3
	   89                   7.4172724526                   1.0611272203                  -3.2199686782                   3.9583156614
            9.217                 704.0998300020                   -8.5577212155
aborted 1
aborted 1
aborted 1
aborted 1
	   90                   7.4894158452                   0.9415693687                  -3.1786583567                   3.9644195140
            9.217                 712.8086905715                   -8.5895546282
	   91                   7.5418137721                   0.8438457641                  -3.1408842141                   3.9719716664
            9.217                 721.4405401556                   -8.6023900907
	   92                   7.5744876845                   0.7685716953                  -3.1079518710                   3.9816394462
            9.217                 729.9552975450                   -8.5957053824
	   93                   7.5878806649                   0.7159331706                  -3.0796706226                   3.9926046779
            9.217                 738.3155519667                   -8.5692467656
	   94                   7.5828233522                   0.6857036919                  -3.0559264905                   4.0041470636
            9.217                 746.4872401299                   -8.5230173388
	   95                   7.5605075849                   0.6772668830                  -3.0379774844                   4.0169520691
            9.217                 754.4402253937                   -8.4572423018
aborted 3
aborted
	   96                   7.5224483923                   0.6896430512                  -3.0268618256                   4.0315182466
            9.217                 762.1487620799                   -8.3723584244
	   97                   7.4704575538                   0.7215185442                  -3.0224907076                   4.0472644592
            9.217                 769.5918769108                   -8.2690152493
	   98                   7.4065720679                   0.7712779123                  -3.0242407437                   4.0631411359
            9.217                 776.7535820868                   -8.1480646044
	   99                   7.3330289783                   0.8370395189                  -3.0321185891                   4.0788002638
            9.217                 783.6230249312                   -8.0105303953
	  100                   7.2522082121                   0.9166953921                  -3.0461136619                   4.0939604827
            9.217                 790.1945149965                   -7.8575883599

Exited Happily with XTT 9.21675
Elapsed time: 9.32 seconds
